[root@localhost label-web-log]# vmstat 5
procs -----------memory----------      ---swap-- -----io---- -system-- ------cpu-----
 r  b   swpd   free       buff  cache  si   so    bi    bo   in   cs us sy id wa st
 1  0 2198164 169672      0 7573872    0    0     3     2    0    0  0  0 100  0  0
 0  0 2198164 170796      0 7573704    0    0    10   192 3826 4036  0  0 100  0  0
 1  0 2198164 169868      0 7573872    0    0     0   218 3446 3263  1  0 99  0  0
 0  0 2198164 169388      0 7574504    0    0     0    10 3982 4433  0  0 99  0  0
 1  0 2198164 185232      0 7575220    0    0    72     3 7215 5823  1  0 99  0  0
 0  0 2198164 195164      0 7577692    0    0   414     0 6277 6729  1  0 99  0  0
 0  0 2198164 154216      0 7623196    0    0  9227     0 8008 5741  1  0 98  1  0
 0  0 2198164 154596      0 7623648    0    0     6   127 3168 2296  0  0 100  0  0
 0  0 2198164 154968      0 7623676    0    0     0    24 3274 2981  0  0 100  0  0
 1  0 2198164 155360      0 7623704    0    0     0    56 3317 3392  0  0 100  0  0
 0  0 2198164 155660      0 7623628    0    0     0     2 2770 2540  0  0 100  0  0
 0  0 2198164 155828      0 7623660    0    0     0    77 3242 2961  0  0 100  0  0
 0  0 2198164 156040      0 7623668    0    0     0    58 2909 2433  0  0 100  0  0
 1  0 2198164 175276      0 7623652    0    0     0   104 8512 9335  1  1 99  0  0
 0  0 2198164 188616      0 7624196    0    0    78    10 6262 6363  1  0 98  0  0
 1  0 2198164 189360      0 7624232    0    0     0    25 3400 3447  0  0 100  0  0
 0  0 2198164 187728      0 7626408    0    0     0    37 6808 7997  0  0 99  0  0
 0  0 2198164 201016      0 7624752    0    0     3     2 9440 10339  1  0 98  0  0
 0  0 2198164 201316      0 7624732    0    0     0     0 3110 2752  0  0 100  0  0
 0  0 2198164 213576      0 7624856    0    0    16    33 3922 3423  1  0 99  0  0
 1  0 2198164 214056      0 7625056    0    0    44    87 4098 4130  1  0 99  0  0
 0  0 2198164 228508      0 7625324    0    0     0    14 6682 6460  2  0 98  0  0
 1  0 2198164 228400      0 7625396    0    0    60     6 4569 4914  1  0 99  0  0
 0  0 2198164 227868      0 7625736    0    0     0    51 3874 3739  0  0 100  0  0
